,대지위치,X,Y,내진설계적용여부,고도,수용인원,earthquake_count,nearest_hospital_distance,의원수,Convenience_Stores_within_300m,반경 1km 산불 횟수,연식_일
0,대구광역시 중구 향촌동 34-1번지,128.5930231,35.8734614,1.0,43.0,562.0,0.0,1.571409,76.0,4.0,0.0,7639.0
3,대구광역시 중구 태평로3가 214-39번지,128.5899799,35.8767392,1.0,40.0,175.0,0.0,1.729684,9.0,3.0,0.0,3548.0
4,대구광역시 중구 태평로3가 214-28번지,128.5898237,35.8765867,1.0,40.0,205.0,0.0,1.785604,9.0,3.0,0.0,3544.0
5,대구광역시 중구 태평로3가 214-14번지,128.5898693,35.8767578,1.0,40.0,176.0,0.0,1.785604,9.0,3.0,0.0,3558.0
6,대구광역시 중구 태평로2가 37-7번지,128.5929977,35.8759943,1.0,46.0,729.0,0.0,1.430037,25.0,6.0,0.0,7733.0
7,대구광역시 중구 태평로2가 37-2번지,128.5927325,35.8760677,1.0,45.0,739.0,0.0,1.430037,24.0,6.0,0.0,7767.0
8,대구광역시 중구 태평로2가 25-9번지,128.5914753,35.8752897,1.0,45.0,217.0,0.0,1.599454,40.0,4.0,0.0,2943.0
9,대구광역시 중구 태평로2가 25-3번지,128.5915092,35.8753797,1.0,45.0,229.0,0.0,1.522213,41.0,4.0,0.0,2943.0
10,대구광역시 중구 태평로2가 22-3번지,128.5915048,35.8747939,1.0,43.0,202.0,0.0,1.599454,44.0,4.0,0.0,2872.0
11,대구광역시 중구 태평로2가 22-1번지,128.5914392,35.8749113,1.0,44.0,196.0,0.0,1.599454,42.0,4.0,0.0,2880.0
13,대구광역시 중구 종로1가 41-6번지,128.5922364,35.8704279,1.0,50.0,5459.0,0.0,1.620748,145.0,8.0,0.0,1278.0
14,대구광역시 중구 전동 69-1번지,128.5925768,35.8700386,1.0,45.0,516.0,0.0,1.74486,157.0,8.0,0.0,6184.0
15,대구광역시 중구 전동 54-2번지,128.5930867,35.8700992,1.0,45.0,544.0,0.0,1.74486,161.0,8.0,0.0,4321.0
16,대구광역시 중구 장관동 34-1번지,128.5905505,35.8685704,1.0,46.0,389.0,0.0,1.838206,139.0,8.0,0.0,5245.0
17,대구광역시 중구 장관동 3-1번지,128.5908212,35.8692271,1.0,46.0,297.0,0.0,1.887961,143.0,8.0,0.0,254.0
19,대구광역시 중구 용덕동 5-21번지,128.5965051,35.8740931,1.0,48.0,244.0,0.0,0.9348979999999999,72.0,7.0,0.0,1570.0
20,대구광역시 중구 용덕동 5-13번지,128.5965391,35.8741921,1.0,48.0,246.0,0.0,0.9348979999999999,70.0,7.0,0.0,1570.0
21,대구광역시 중구 완전동 5-62번지,128.5990321,35.8728908,1.0,45.0,326.0,0.0,0.944914,76.0,5.0,0.0,2475.0
22,대구광역시 중구 시장북로 7-1번지,128.5827946,35.872484,1.0,41.0,404.0,0.0,0.9718119999999999,32.0,0.0,0.0,7761.0
23,대구광역시 중구 시장북로 11-10번지,128.583103,35.8722481,1.0,42.0,465.0,0.0,1.052832,36.0,0.0,0.0,7590.0
24,대구광역시 중구 수창동 21-4번지,128.5882539,35.8754588,1.0,40.0,656.0,0.0,1.736043999999999,22.0,4.0,0.0,4351.0
25,대구광역시 중구 수동 70번지,128.5895819,35.8693503,1.0,47.0,449.0,0.0,1.673616,127.0,8.0,0.0,2928.0
26,대구광역시 중구 수동 40-1번지,128.5891305,35.8697041,1.0,58.0,367.0,0.0,1.673616,126.0,7.0,0.0,4168.0
27,대구광역시 중구 삼덕동2가 29-83번지,128.602622,35.8673027,1.0,48.0,374.0,0.0,1.042509,125.0,9.0,0.0,4678.0
28,대구광역시 중구 삼덕동2가 213-8번지,128.60282,35.8656614,1.0,50.0,518.0,0.0,1.135472,118.0,9.0,0.0,5078.0
29,대구광역시 중구 삼덕동2가 213-5번지,128.6026654,35.8657162,1.0,49.0,421.0,0.0,1.135472,123.0,9.0,0.0,5086.0
30,대구광역시 중구 삼덕동2가 149-75번지,128.6017544,35.8653242,1.0,50.0,405.0,0.0,1.292725,135.0,8.0,0.0,7844.0
31,대구광역시 중구 삼덕동2가 149-68번지,128.6015222,35.8653704,1.0,47.0,429.0,0.0,1.292725,147.0,9.0,0.0,7844.0
32,대구광역시 중구 삼덕동2가 149-24번지,128.6002722,35.8655299,1.0,51.0,183.0,0.0,1.40423,184.0,10.0,0.0,4988.0
33,대구광역시 중구 삼덕동2가 128-9번지,128.6010416,35.8662381,1.0,48.0,562.0,0.0,1.287437,168.0,10.0,0.0,2081.0
34,대구광역시 중구 삼덕동2가 128-8번지,128.601263,35.866228,1.0,46.0,309.0,0.0,1.247226,166.0,10.0,0.0,2124.0
35,대구광역시 중구 삼덕동2가 128-1번지,128.6011867,35.8663996,1.0,48.0,1127.0,0.0,1.186815,167.0,10.0,0.0,3874.0
36,대구광역시 중구 삼덕동2가 116-4번지,128.6018843,35.8663961,1.0,51.0,328.0,0.0,1.186815,149.0,9.0,0.0,5774.0
37,대구광역시 중구 삼덕동2가 116-1번지,128.6019498,35.8662696,1.0,51.0,1178.0,0.0,1.210709,138.0,7.0,0.0,3609.0
38,대구광역시 중구 삼덕동1가 59-2번지,128.5991179,35.8666443,1.0,49.0,767.0,0.0,1.339018,196.0,11.0,0.0,1602.0
40,대구광역시 중구 삼덕동1가 14-1번지,128.5972908,35.8666353,1.0,53.0,939.0,0.0,1.549007,201.0,10.0,0.0,3971.0
41,대구광역시 중구 북성로1가 51-1번지,128.5925058,35.8738786,1.0,44.0,438.0,0.0,1.473084,58.0,4.0,0.0,7536.0
42,대구광역시 중구 문화동 5-5번지,128.5974672,35.8724299,1.0,48.0,201.0,0.0,1.06707,96.0,6.0,0.0,2557.0
43,대구광역시 중구 문화동 11-1번지,128.5980982,35.8709306,1.0,57.0,24020.0,0.0,1.034648,131.0,7.0,0.0,8500.0
44,대구광역시 중구 동일동 27번지,128.5928169,35.8695597,1.0,47.0,1920.0,0.0,1.74486,165.0,10.0,0.0,2761.0
45,대구광역시 중구 동일동 14-1번지,128.5923977,35.8697781,1.0,46.0,1076.0,0.0,1.74486,162.0,8.0,0.0,4008.0
46,대구광역시 중구 동문동 4-26번지,128.5997666,35.8719137,1.0,43.0,188.0,0.0,0.8759150000000001,90.0,4.0,0.0,4763.0
47,대구광역시 중구 동문동 1-9번지,128.5981729,35.8720298,1.0,48.0,203.0,0.0,1.029796,100.0,6.0,0.0,3075.0
48,대구광역시 중구 동문동 1-19번지,128.5980298,35.8721477,1.0,48.0,1153.0,0.0,1.103536,99.0,6.0,0.0,2781.0
49,대구광역시 중구 동문동 1-18번지,128.5978325,35.8724101,1.0,47.0,235.0,0.0,1.06707,97.0,6.0,0.0,5147.0
50,대구광역시 중구 교동 78-22번지,128.5999968,35.8730663,1.0,44.0,318.0,0.0,0.8442230000000002,66.0,4.0,0.0,3821.0
51,대구광역시 중구 교동 70-50번지,128.5987213,35.8728022,1.0,45.0,257.0,0.0,0.944914,77.0,5.0,0.0,1758.0
52,대구광역시 중구 공평동 93번지,128.5997149,35.8709316,1.0,43.0,411.0,0.0,0.9529080000000002,124.0,5.0,0.0,4983.0
53,대구광역시 중구 공평동 93-2번지,128.599691,35.8706883,1.0,44.0,333.0,0.0,0.9937420000000002,125.0,5.0,0.0,5059.0
54,대구광역시 중구 공평동 93-1번지,128.5997029,35.8708054,1.0,43.0,329.0,0.0,0.9937420000000002,125.0,6.0,0.0,5059.0
55,대구광역시 중구 계산동1가 84번지,128.5864875,35.8686895,1.0,43.0,201.0,0.0,1.477837,75.0,3.0,0.0,2901.0
56,대구광역시 중구 계산동1가 84-1번지,128.5864981,35.8686264,1.0,43.0,186.0,0.0,1.477837,83.0,3.0,0.0,2901.0
57,대구광역시 수성구 황금동 890-5번지,128.6217707,35.8407605,1.0,66.0,370.0,0.0,0.6965650000000001,31.0,3.0,2.0,8213.0
60,대구광역시 수성구 황금동 850-8번지,128.623282,35.8415098,1.0,67.0,596.0,0.0,0.523154,33.0,0.0,2.0,7444.0
61,대구광역시 수성구 황금동 850-4번지,128.6232281,35.8416903,1.0,64.0,313.0,0.0,0.523154,32.0,1.0,2.0,7877.0
62,대구광역시 수성구 황금동 850-1번지,128.62316620000001,35.8408614,1.0,73.0,669.0,0.0,0.656404,33.0,1.0,2.0,7709.0
66,대구광역시 수성구 중동 29-3번지,128.6135735,35.8500772,1.0,61.0,380.0,0.0,0.221095,60.0,0.0,0.0,10112.0
71,대구광역시 수성구 범어동 42-1번지,128.6242666,35.8597924,1.0,51.0,804.0,0.0,0.73169,91.0,7.0,1.0,7529.0
73,대구광역시 수성구 범어동 27-7번지,128.624224,35.8628391,1.0,55.0,501.0,0.0,0.6482289999999999,72.0,8.0,1.0,8685.0
74,대구광역시 수성구 만촌동 57-23번지,128.659842,35.8732392,1.0,60.0,17005.0,1.0,1.782865,1.0,0.0,0.0,8263.0
75,대구광역시 수성구 만촌동 1037-1번지,128.6437961,35.8595812,1.0,63.0,341.0,0.0,0.9236599999999999,28.0,3.0,0.0,9817.0
76,대구광역시 수성구 두산동 96-9번지,128.6222105,35.8389646,1.0,67.0,333.0,0.0,0.9833029999999999,30.0,4.0,2.0,8021.0
79,대구광역시 수성구 두산동 95-4번지,128.6222468,35.839361,1.0,74.0,788.0,0.0,0.7915719999999999,31.0,3.0,2.0,7436.0
80,대구광역시 수성구 두산동 95-1번지,128.6222588,35.8394781,1.0,74.0,788.0,0.0,0.7915719999999999,31.0,2.0,2.0,7436.0
82,대구광역시 수성구 두산동 89-3번지,128.6216288,35.8381835,1.0,66.0,672.0,0.0,1.105322,27.0,6.0,2.0,7983.0
84,대구광역시 수성구 두산동 888-2번지,128.6194287,35.8242874,1.0,107.0,7290.0,0.0,2.655624,0.0,0.0,2.0,2277.0
88,대구광역시 수성구 두산동 87-15번지,128.6215963,35.8368587,1.0,70.0,546.0,0.0,1.182951,25.0,6.0,1.0,7683.0
91,대구광역시 수성구 두산동 618번지,128.6245146,35.8278754,1.0,83.0,332.0,0.0,2.580626999999999,6.0,1.0,2.0,2559.0
94,대구광역시 수성구 대흥동 876-1번지,128.6882131,35.8398756,1.0,64.0,906.0,1.0,4.383438999999999,3.0,2.0,0.0,1528.0
95,대구광역시 수성구 대흥동 874-5번지,128.6881377,35.8401194,1.0,64.0,1059.0,1.0,4.383438999999999,3.0,2.0,0.0,733.0
96,대구광역시 수성구 대흥동 874-2번지,128.6881078,35.8404981,1.0,60.0,913.0,1.0,4.303953,4.0,2.0,0.0,353.0
97,대구광역시 수성구 대흥동 870-1번지,128.6872085,35.8401878,1.0,63.0,1023.0,1.0,4.402579999999999,3.0,2.0,0.0,970.0
98,대구광역시 수성구 대흥동 843-1번지,128.6834573,35.8364778,1.0,74.0,2202.0,1.0,4.770828,1.0,4.0,0.0,1076.0
99,대구광역시 수성구 대흥동 842번지,128.6822902,35.8371964,1.0,73.0,1538.0,1.0,4.530071999999999,1.0,4.0,0.0,676.0
101,대구광역시 서구 평리동 1421-19번지,128.5540619,35.869898,1.0,41.0,531.0,0.0,0.140138,33.0,3.0,0.0,4175.0
102,대구광역시 서구 평리동 1419-7번지,128.5536709,35.869404,1.0,40.0,393.0,0.0,0.268754,33.0,3.0,0.0,6415.0
103,대구광역시 서구 평리동 1417-1번지,128.5540478,35.8694654,1.0,43.0,667.0,0.0,0.140138,33.0,2.0,0.0,3341.0
106,대구광역시 서구 평리동 1403-3번지,128.554915,35.8683798,1.0,36.0,735.0,0.0,0.3325920000000001,35.0,3.0,0.0,7534.0
107,대구광역시 서구 평리동 1402-8번지,128.5546168,35.8684803,1.0,37.0,309.0,0.0,0.337792,35.0,3.0,0.0,4735.0
110,대구광역시 서구 평리동 1401-2번지,128.5544145,35.869653,1.0,41.0,613.0,0.0,0.140138,33.0,2.0,0.0,7541.0
117,대구광역시 서구 원대동3가 1305-5번지,128.5750088,35.8861584,1.0,32.0,640.0,0.0,0.4349310000000001,17.0,4.0,1.0,8607.0
119,대구광역시 서구 비산동 451-13번지,128.5708022,35.8756601,1.0,51.0,1056.0,0.0,0.469393,25.0,4.0,0.0,10429.0
121,대구광역시 서구 비산동 1825번지,128.5555694,35.8859705,1.0,27.0,508.0,1.0,0.884774,8.0,1.0,0.0,2950.0
122,대구광역시 서구 비산동 1825-6번지,128.5557794,35.8859154,1.0,27.0,838.0,1.0,0.884774,9.0,1.0,0.0,3070.0
125,대구광역시 서구 비산동 1302-6번지,128.5604354,35.8896523,1.0,26.0,903.0,1.0,0.423345,25.0,3.0,0.0,2531.0
126,대구광역시 서구 비산동 1250-11번지,128.5618033,35.8888618,1.0,31.0,493.0,1.0,0.5918009999999999,27.0,4.0,0.0,8066.0
135,대구광역시 북구 태전동 789-2번지,128.5480919,35.9147027,1.0,34.0,557.0,0.0,0.151978,8.0,4.0,4.0,7697.0
140,대구광역시 북구 칠성동2가 302-207번지,128.5978158,35.8760875,1.0,42.0,889.0,1.0,0.979401,35.0,4.0,0.0,7556.0
141,대구광역시 북구 칠성동2가 302-111번지,128.5984347,35.8759222,1.0,40.0,1556.0,1.0,0.8459590000000001,38.0,4.0,0.0,3841.0
142,대구광역시 북구 서변동 1779-8번지,128.5990449,35.9231119,1.0,32.0,773.0,1.0,2.47353,5.0,2.0,3.0,7977.0
143,대구광역시 북구 서변동 1779-7번지,128.5990349,35.9232652,1.0,33.0,314.0,1.0,2.47353,5.0,2.0,3.0,7598.0
144,대구광역시 북구 산격동 1682번지,128.6140264,35.9059113,1.0,34.0,1021.0,0.0,1.172448,6.0,3.0,1.0,7780.0
146,대구광역시 북구 산격동 1618번지,128.6088686,35.9079926,1.0,33.0,1696.0,0.0,1.090671,0.0,1.0,0.0,7849.0
147,대구광역시 북구 산격동 1617번지,128.6083905,35.9077697,1.0,30.0,566.0,0.0,1.090671,1.0,1.0,0.0,8144.0
148,대구광역시 북구 산격동 1617-1번지,128.6085796,35.9078589,1.0,29.0,1172.0,0.0,1.090671,0.0,1.0,0.0,8098.0
151,대구광역시 북구 복현동 415-6번지,128.6162752,35.8958863,1.0,38.0,640.0,0.0,0.407436,38.0,5.0,0.0,6688.0
154,대구광역시 북구 동천동 970-3번지,128.555486,35.9437811,1.0,43.0,1102.0,0.0,0.174876,26.0,1.0,0.0,3656.0
155,대구광역시 북구 동천동 954-4번지,128.5572547,35.9431059,1.0,43.0,668.0,0.0,0.0,46.0,0.0,0.0,7891.0
156,대구광역시 북구 동천동 954-3번지,128.5572562,35.9433222,1.0,43.0,664.0,0.0,0.0,46.0,0.0,0.0,8224.0
157,대구광역시 북구 동천동 911-3번지,128.5620362,35.9421552,1.0,45.0,601.0,0.0,0.424651,42.0,7.0,1.0,8374.0
158,대구광역시 북구 동천동 911-2번지,128.5618036,35.9421834,1.0,43.0,593.0,0.0,0.25535,42.0,7.0,1.0,8383.0
159,대구광역시 북구 동천동 911-1번지,128.56156,35.9422116,1.0,43.0,674.0,0.0,0.25535,42.0,7.0,1.0,7891.0
160,대구광역시 북구 동천동 910-2번지,128.5619834,35.942525,1.0,46.0,1463.0,0.0,0.25535,41.0,6.0,1.0,4121.0
161,대구광역시 북구 동천동 899-3번지,128.5614348,35.9433207,1.0,45.0,551.0,0.0,0.34163,38.0,4.0,1.0,8009.0
162,대구광역시 북구 동천동 899-2번지,128.5614923,35.9436089,1.0,46.0,640.0,0.0,0.34163,38.0,4.0,1.0,8109.0
163,대구광역시 북구 동천동 897-6번지,128.5627095,35.9433238,1.0,43.0,649.0,0.0,0.378452,39.0,5.0,1.0,7970.0
164,대구광역시 북구 동천동 897-5번지,128.5627441,35.9435129,1.0,43.0,613.0,0.0,0.34163,39.0,5.0,1.0,7970.0
165,대구광역시 북구 동천동 897-3번지,128.5623453,35.9435418,1.0,42.0,627.0,0.0,0.34163,39.0,4.0,1.0,7895.0
167,대구광역시 북구 대현동 412-6번지,128.6041618,35.8848887,1.0,38.0,405.0,0.0,0.0,10.0,3.0,0.0,8738.0
170,대구광역시 북구 금호동 813번지,128.5188891,35.8948954,1.0,24.0,740.0,3.0,4.732381999999999,2.0,1.0,1.0,3874.0
171,대구광역시 북구 금호동 812번지,128.5185678,35.8948967,1.0,23.0,755.0,3.0,4.732381999999999,2.0,1.0,1.0,3769.0
172,대구광역시 북구 금호동 809번지,128.517804,35.8949721,1.0,24.0,569.0,3.0,4.763436,2.0,2.0,1.0,3972.0
173,대구광역시 북구 금호동 808번지,128.517461,35.8950277,1.0,25.0,593.0,3.0,4.763436,2.0,2.0,1.0,3982.0
176,대구광역시 북구 관음동 1378-13번지,128.5481502,35.9343961,1.0,46.0,312.0,0.0,0.144751,34.0,4.0,0.0,6858.0
177,대구광역시 북구 관음동 1378-12번지,128.5481157,35.934216,1.0,45.0,313.0,0.0,0.144751,34.0,4.0,0.0,7559.0
178,대구광역시 동구 효목동 997번지,128.649058,35.8816351,1.0,42.0,232.0,0.0,1.081844,5.0,0.0,0.0,8228.0
179,대구광역시 동구 효목동 275-2번지,128.6322576,35.8789216,1.0,53.0,361.0,0.0,0.9878730000000001,17.0,1.0,0.0,2652.0
180,대구광역시 동구 효목동 1166번지,128.6551019,35.8785649,1.0,37.0,435.0,0.0,1.47605,3.0,0.0,0.0,8161.0
181,대구광역시 동구 효목동 1146-4번지,128.654634,35.8795769,1.0,35.0,151.0,0.0,1.389506,3.0,0.0,0.0,8297.0
182,대구광역시 동구 효목동 1100-10번지,128.6527804,35.8804252,1.0,38.0,753.0,0.0,1.157962,4.0,0.0,0.0,7999.0
184,대구광역시 동구 효목동 1087번지,128.6526622,35.8808675,1.0,39.0,379.0,0.0,1.157962,4.0,0.0,0.0,8111.0
186,대구광역시 동구 효목동 1015번지,128.6507742,35.8815807,1.0,42.0,803.0,0.0,1.076399,4.0,0.0,0.0,7635.0
187,대구광역시 동구 효목동 1010번지,128.651174,35.8817138,1.0,42.0,717.0,0.0,1.150959,4.0,0.0,0.0,7635.0
192,대구광역시 동구 중대동 38-10번지,128.6390987,35.9914404,1.0,321.0,706.0,2.0,6.662777000000001,0.0,1.0,1.0,4139.0
193,대구광역시 동구 중대동 37-9번지,128.6393233,35.9917817,1.0,328.0,383.0,2.0,6.662777000000001,0.0,0.0,1.0,6375.0
197,대구광역시 동구 중대동 37-4번지,128.6390201,35.9926936,1.0,342.0,496.0,2.0,6.860264,0.0,0.0,1.0,6292.0
203,대구광역시 동구 용수동 67-26번지,128.6926327,35.9902059,1.0,455.0,285.0,2.0,11.473323,0.0,2.0,1.0,6103.0
214,대구광역시 동구 신천동 83-4번지,128.6240052,35.8744762,1.0,67.0,411.0,0.0,0.602908,24.0,5.0,0.0,7584.0
216,대구광역시 동구 신천동 342-2번지,128.6287352,35.8704317,1.0,57.0,634.0,0.0,0.484133,28.0,4.0,1.0,7520.0
217,대구광역시 동구 신천동 340-2번지,128.6283903,35.8702352,1.0,59.0,710.0,0.0,0.708586,27.0,5.0,1.0,7599.0
218,대구광역시 동구 신천동 340-1번지,128.6283256,35.8704519,1.0,60.0,549.0,0.0,0.484133,27.0,6.0,1.0,8310.0
219,대구광역시 동구 신천동 339-8번지,128.6281942,35.8706418,1.0,63.0,732.0,0.0,0.484133,27.0,5.0,1.0,3989.0
220,대구광역시 동구 신천동 339-6번지,128.6282982,35.8711911,1.0,58.0,542.0,0.0,0.456911,28.0,6.0,1.0,7884.0
221,대구광역시 동구 신천동 336-2번지,128.6281802,35.8716694,1.0,56.0,907.0,0.0,0.456911,30.0,6.0,0.0,7914.0
222,대구광역시 동구 신천동 336-1번지,128.6281374,35.8718589,1.0,54.0,717.0,0.0,0.5276510000000001,30.0,6.0,0.0,8494.0
223,대구광역시 동구 신천동 335-1번지,128.6280284,35.8734908,1.0,53.0,584.0,0.0,0.709532,28.0,6.0,0.0,10659.0
225,대구광역시 동구 신천동 332-4번지,128.6281133,35.8744278,1.0,52.0,819.0,0.0,0.744722,26.0,6.0,0.0,8087.0
227,대구광역시 동구 신천동 326-1번지,128.6275851,35.8748541,1.0,50.0,16586.0,0.0,0.9477270000000002,18.0,6.0,0.0,1451.0
228,대구광역시 동구 신천동 324번지,128.6271873,35.8735493,1.0,50.0,913.0,0.0,0.759113,28.0,5.0,0.0,7278.0
229,대구광역시 동구 신천동 324-1번지,128.6271861,35.8733961,1.0,51.0,968.0,0.0,0.759113,30.0,5.0,0.0,7278.0
230,대구광역시 동구 신천동 322-8번지,128.6277304,35.8722125,1.0,52.0,492.0,0.0,0.5276510000000001,30.0,5.0,0.0,10583.0
231,대구광역시 동구 신천동 322-6번지,128.6277114,35.8726092,1.0,52.0,738.0,0.0,0.743664,30.0,4.0,0.0,7555.0
233,대구광역시 동구 신천동 318-2번지,128.6277643,35.8708874,1.0,60.0,2644.0,0.0,0.498482,28.0,6.0,1.0,6009.0
235,대구광역시 동구 신천동 315-1번지,128.6276341,35.8698336,1.0,59.0,683.0,0.0,0.791212,23.0,5.0,1.0,3727.0
236,대구광역시 동구 신천동 314-3번지,128.6288588,35.8692683,1.0,59.0,981.0,0.0,0.6398599999999999,22.0,4.0,1.0,7717.0
237,대구광역시 동구 신천동 306-8번지,128.6292912,35.8679321,1.0,62.0,641.0,0.0,0.49154,20.0,4.0,1.0,8864.0
239,대구광역시 동구 신천동 297-8번지,128.6271393,35.8688717,1.0,59.0,1309.0,0.0,0.6764479999999999,20.0,3.0,1.0,7787.0
240,대구광역시 동구 신천동 297-11번지,128.6270231,35.8695844,1.0,59.0,814.0,0.0,0.791212,22.0,5.0,1.0,7832.0
241,대구광역시 동구 신천동 292-2번지,128.6263871,35.873193,1.0,47.0,592.0,0.0,0.743664,22.0,5.0,0.0,7902.0
243,대구광역시 동구 신천동 292-13번지,128.626508,35.8730752,1.0,47.0,590.0,0.0,0.743664,29.0,6.0,0.0,7855.0
244,대구광역시 동구 신천동 292-10번지,128.6263006,35.8720487,1.0,53.0,686.0,0.0,0.734443,28.0,5.0,0.0,8042.0
245,대구광역시 동구 신천동 290-9번지,128.6265967,35.8744898,1.0,50.0,1719.0,0.0,0.9477270000000002,19.0,8.0,0.0,7305.0
246,대구광역시 동구 신암동 351-4번지,128.6312707,35.8815586,1.0,40.0,1413.0,0.0,0.216203,23.0,1.0,0.0,4322.0
247,대구광역시 동구 신암동 350-4번지,128.630326,35.88114,1.0,40.0,521.0,0.0,0.354719,28.0,1.0,0.0,7710.0
251,대구광역시 동구 신암동 349-4번지,128.630296,35.8815457,1.0,37.0,1258.0,0.0,0.354719,31.0,1.0,0.0,5865.0
253,대구광역시 동구 신암동 207-16번지,128.6258636,35.8798474,1.0,53.0,474.0,0.0,0.670115,35.0,1.0,0.0,3251.0
255,대구광역시 동구 신기동 13-2번지,128.7070622,35.8720783,1.0,49.0,1065.0,0.0,0.291071,15.0,0.0,0.0,2697.0
256,대구광역시 동구 신기동 122-2번지,128.7045613,35.8722822,1.0,49.0,986.0,0.0,0.531307,17.0,0.0,1.0,501.0
257,대구광역시 동구 상매동 506-7번지,128.7059373,35.8888222,1.0,73.0,997.0,0.0,1.399802,0.0,0.0,3.0,2907.0
258,대구광역시 동구 상매동 506-6번지,128.7057466,35.8885529,1.0,72.0,1540.0,0.0,1.399802,0.0,0.0,3.0,1438.0
261,대구광역시 동구 상매동 506-3번지,128.7060658,35.8883257,1.0,73.0,285.0,0.0,1.399802,0.0,0.0,3.0,1412.0
262,대구광역시 동구 상매동 506-2번지,128.7062237,35.8886493,1.0,71.0,1084.0,0.0,1.399802,0.0,0.0,3.0,1880.0
264,대구광역시 동구 상매동 505-9번지,128.7058494,35.88766,1.0,74.0,1457.0,0.0,1.35877,0.0,0.0,3.0,2123.0
265,대구광역시 동구 상매동 505-6번지,128.7065631,35.8882056,1.0,74.0,1019.0,0.0,1.399802,0.0,0.0,3.0,3005.0
266,대구광역시 동구 상매동 505-3번지,128.7070005,35.8888159,1.0,71.0,1534.0,0.0,1.585326,0.0,0.0,3.0,2013.0
268,대구광역시 동구 봉무동 1548-5번지,128.6367516,35.9201238,1.0,26.0,1019.0,0.0,0.845292,3.0,0.0,1.0,4629.0
277,대구광역시 동구 검사동 984-37번지,128.6512816,35.8853815,1.0,34.0,1007.0,0.0,1.127899,3.0,1.0,0.0,8535.0
278,대구광역시 동구 검사동 984-23번지,128.6503329,35.8858553,1.0,36.0,1021.0,0.0,1.022589,3.0,1.0,0.0,8436.0
283,대구광역시 달성군 현풍읍 중리 504-1번지,128.4540749,35.6903475,1.0,39.0,985.0,0.0,0.561072,20.0,3.0,0.0,1349.0
284,대구광역시 달성군 현풍읍 중리 496-2번지,128.4567136,35.691951,1.0,44.0,3027.0,0.0,0.532247,22.0,5.0,0.0,859.0
285,대구광역시 달성군 현풍읍 중리 496-1번지,128.4559508,35.6918637,1.0,42.0,1873.0,0.0,0.3541850000000001,22.0,5.0,0.0,3113.0
289,대구광역시 달성군 현풍읍 성하리 238-5번지,128.4417976,35.6999836,1.0,38.0,690.0,0.0,1.001386,5.0,0.0,1.0,2810.0
309,대구광역시 달성군 논공읍 금포리 블록 금포지구지구 2블록블록 17로트로트,128.420814,35.782036,1.0,24.0,833.0,2.0,1.490085,0.0,0.0,1.0,3867.0
311,대구광역시 달성군 구지면 응암리 1276-1번지,128.4191678,35.6494355,1.0,33.0,857.0,1.0,6.873606999999998,0.0,1.0,0.0,2329.0
312,대구광역시 달성군 구지면 내리 841-7번지,128.4210751,35.6425154,1.0,18.0,1167.0,1.0,7.656581999999998,0.0,1.0,0.0,2907.0
313,대구광역시 달성군 구지면 내리 841-6번지,128.4206446,35.6425349,1.0,18.0,1167.0,1.0,7.656581999999998,0.0,1.0,0.0,3049.0
321,대구광역시 달서구 호산동 720-5번지,128.4906919,35.8400422,1.0,17.0,477.0,3.0,1.438116,1.0,6.0,0.0,7741.0
322,대구광역시 달서구 호산동 720-3번지,128.4910005,35.8398246,1.0,21.0,715.0,3.0,1.506423,1.0,5.0,0.0,8310.0
323,대구광역시 달서구 호산동 719번지,128.4912773,35.8416352,1.0,17.0,708.0,3.0,1.384592,1.0,3.0,0.0,7768.0
324,대구광역시 달서구 호산동 719-2번지,128.4913723,35.8408777,1.0,21.0,1727.0,3.0,1.261736,1.0,4.0,0.0,733.0
325,대구광역시 달서구 호산동 718-6번지,128.4908711,35.840384,1.0,18.0,409.0,3.0,1.438116,1.0,5.0,0.0,8314.0
326,대구광역시 달서구 호산동 714-8번지,128.4889119,35.8422036,1.0,21.0,402.0,3.0,1.446379,1.0,4.0,0.0,7912.0
327,대구광역시 달서구 호산동 714-4번지,128.4896646,35.8422006,1.0,19.0,406.0,3.0,1.242079,1.0,3.0,0.0,8244.0
328,대구광역시 달서구 호산동 713-3번지,128.4891081,35.8416981,1.0,22.0,810.0,3.0,1.512185,1.0,4.0,0.0,8121.0
329,대구광역시 달서구 호산동 713-2번지,128.4888092,35.8416993,1.0,21.0,571.0,3.0,1.512185,1.0,4.0,0.0,8291.0
330,대구광역시 달서구 호산동 712-17번지,128.4888488,35.840942,1.0,21.0,650.0,3.0,1.581649,1.0,5.0,0.0,7865.0
331,대구광역시 달서구 호산동 711-7번지,128.4892626,35.8398317,1.0,20.0,521.0,3.0,1.506423,1.0,6.0,0.0,7887.0
332,대구광역시 달서구 호산동 711-6번지,128.4895283,35.8398306,1.0,22.0,492.0,3.0,1.506423,1.0,6.0,0.0,8307.0
335,대구광역시 달서구 호산동 711-3번지,128.4900176,35.8401892,1.0,21.0,763.0,3.0,1.438116,1.0,6.0,0.0,8014.0
336,대구광역시 달서구 호산동 711-2번지,128.4900969,35.8404953,1.0,22.0,769.0,3.0,1.438116,1.0,6.0,0.0,7954.0
337,대구광역시 달서구 호산동 711-1번지,128.4900973,35.8405494,1.0,22.0,633.0,3.0,1.438116,1.0,6.0,0.0,7726.0
338,대구광역시 달서구 호산동 709-5번지,128.4869868,35.8423647,1.0,23.0,470.0,3.0,1.38422,1.0,3.0,0.0,8027.0
339,대구광역시 달서구 호산동 709-14번지,128.486941,35.8421305,1.0,23.0,736.0,3.0,1.646796,1.0,3.0,0.0,7864.0
340,대구광역시 달서구 호산동 709-13번지,128.4872068,35.8421385,1.0,22.0,674.0,3.0,1.446379,1.0,3.0,0.0,8014.0
342,대구광역시 달서구 호산동 708-4번지,128.4871561,35.8429048,1.0,26.0,925.0,3.0,1.38422,1.0,3.0,0.0,7835.0
343,대구광역시 달서구 호산동 708-2번지,128.4866579,35.8428978,1.0,25.0,685.0,3.0,1.513429,1.0,2.0,0.0,7891.0
344,대구광역시 달서구 호산동 708-10번지,128.4873429,35.8426697,1.0,26.0,841.0,3.0,1.38422,1.0,3.0,0.0,7919.0
345,대구광역시 달서구 호림동 19-2번지,128.4908931,35.8385542,1.0,21.0,888.0,3.0,1.646063,1.0,4.0,0.0,8003.0
346,대구광역시 달서구 호림동 19-13번지,128.4906469,35.8381226,1.0,21.0,617.0,3.0,1.646063,1.0,4.0,0.0,8009.0
347,대구광역시 달서구 호림동 18-6번지,128.4908134,35.8364004,1.0,20.0,540.0,3.0,1.951295,1.0,4.0,0.0,7669.0
348,대구광역시 달서구 호림동 18-4번지,128.4908368,35.8366166,1.0,22.0,1184.0,3.0,1.951295,1.0,4.0,0.0,7582.0
349,대구광역시 달서구 호림동 18-13번지,128.4907887,35.8359859,1.0,20.0,583.0,3.0,1.951295,1.0,3.0,0.0,8096.0
350,대구광역시 달서구 호림동 15-7번지,128.4897997,35.835359,1.0,21.0,578.0,3.0,1.982729,1.0,2.0,0.0,8012.0
351,대구광역시 달서구 호림동 15-5번지,128.48939,35.8353426,1.0,21.0,657.0,3.0,1.982729,1.0,2.0,0.0,8018.0
352,대구광역시 달서구 호림동 15-1번지,128.4885599,35.835337,1.0,22.0,602.0,3.0,2.163731,1.0,2.0,0.0,899.0
353,대구광역시 달서구 호림동 14-7번지,128.4896588,35.8358553,1.0,22.0,515.0,3.0,1.922536,1.0,3.0,0.0,7859.0
354,대구광역시 달서구 호림동 14-6번지,128.4894369,35.835766,1.0,23.0,499.0,3.0,1.982729,1.0,3.0,0.0,8016.0
356,대구광역시 달서구 호림동 14-1번지,128.4885297,35.8358328,1.0,24.0,495.0,3.0,2.163731,1.0,4.0,0.0,8035.0
357,대구광역시 달서구 호림동 14-18번지,128.4889049,35.835651,1.0,24.0,602.0,3.0,2.163731,1.0,3.0,0.0,7918.0
358,대구광역시 달서구 호림동 11-16번지,128.4886239,35.8385544,1.0,24.0,777.0,3.0,1.848118,1.0,4.0,0.0,8060.0
359,대구광역시 달서구 호림동 11-15번지,128.4888784,35.8385534,1.0,24.0,777.0,3.0,1.848118,1.0,4.0,0.0,8039.0
360,대구광역시 달서구 호림동 11-14번지,128.4891441,35.8385523,1.0,25.0,777.0,3.0,1.848118,1.0,4.0,0.0,7878.0
361,대구광역시 달서구 호림동 11-13번지,128.4893987,35.8385513,1.0,25.0,871.0,3.0,1.646063,1.0,4.0,0.0,7853.0
362,대구광역시 달서구 호림동 11-13번지,128.4893987,35.8385513,1.0,25.0,3.0,3.0,1.646063,1.0,4.0,0.0,7853.0
363,대구광역시 달서구 호림동 10-12번지,128.4889701,35.8390668,1.0,21.0,196.0,3.0,1.781179,1.0,5.0,0.0,258.0
364,대구광역시 달서구 호림동 10-11번지,128.489159,35.8391832,1.0,21.0,411.0,3.0,1.781179,1.0,6.0,0.0,7894.0
368,대구광역시 달서구 이곡동 1246번지,128.50844,35.8545068,1.0,38.0,3291.0,0.0,0.247944,42.0,2.0,0.0,8571.0
369,대구광역시 달서구 이곡동 1200-5번지,128.5057923,35.8542566,1.0,39.0,664.0,2.0,0.4116,45.0,7.0,0.0,8314.0
370,대구광역시 달서구 이곡동 1200-3번지,128.5061042,35.8545527,1.0,41.0,1470.0,2.0,0.4116,46.0,7.0,0.0,7804.0
371,대구광역시 달서구 이곡동 1200-2번지,128.5057938,35.8544909,1.0,39.0,1097.0,2.0,0.4116,46.0,7.0,0.0,9052.0
372,대구광역시 달서구 이곡동 1200-1번지,128.5054949,35.8544922,1.0,37.0,719.0,2.0,0.247348,45.0,7.0,0.0,8006.0
373,대구광역시 달서구 이곡동 1198-6번지,128.5066794,35.8544602,1.0,39.0,5767.0,2.0,0.4116,45.0,7.0,0.0,7348.0
375,대구광역시 달서구 성당동 267번지,128.5555212,35.8378042,1.0,40.0,444.0,0.0,0.198355,53.0,8.0,0.0,8942.0
376,대구광역시 달서구 성당동 229-5번지,128.5564439,35.8383768,1.0,46.0,499.0,0.0,0.109218,53.0,6.0,0.0,7712.0
377,대구광역시 달서구 성당동 220-12번지,128.5575064,35.8383538,1.0,45.0,591.0,0.0,0.109218,57.0,7.0,0.0,7342.0
378,대구광역시 달서구 성당동 219-6번지,128.5572403,35.8382919,1.0,44.0,687.0,0.0,0.109218,57.0,6.0,0.0,7342.0
379,대구광역시 달서구 성당동 219-1번지,128.5568087,35.838312,1.0,44.0,1102.0,0.0,0.109218,53.0,6.0,0.0,3791.0
380,대구광역시 달서구 성당동 117-23번지,128.5675371,35.847969,1.0,53.0,464.0,0.0,0.249007,15.0,2.0,1.0,8786.0
397,대구광역시 달서구 대곡동 1089번지,128.5335144,35.8012199,1.0,68.0,1647.0,0.0,1.648662,10.0,2.0,1.0,2013.0
398,대구광역시 달서구 감삼동 599-75번지,128.5335702,35.8492513,1.0,26.0,742.0,0.0,0.574385,50.0,6.0,0.0,8315.0
402,대구광역시 남구 봉덕동 984-10번지,128.5914704,35.8448252,1.0,71.0,576.0,2.0,0.5191990000000001,17.0,7.0,0.0,7570.0
404,대구광역시 남구 봉덕동 497-18번지,128.598232,35.8474776,1.0,61.0,784.0,0.0,0.222262,14.0,2.0,0.0,10162.0
405,대구광역시 남구 봉덕동 1302-2번지,128.5909182,35.843503,1.0,73.0,1091.0,2.0,0.57618,17.0,3.0,0.0,1832.0
406,대구광역시 남구 봉덕동 1018-34번지,128.603184,35.8406299,1.0,69.0,496.0,0.0,0.9678779999999999,21.0,4.0,0.0,8609.0
441,대구광역시 군위군 부계면 창평리 531-2번지,128.6736909,36.0970802,1.0,179.0,789.0,0.0,22.889344,0.0,0.0,0.0,2736.0
